200
0.247523460846027 37.5877596059475
0.383904887601837 56.4558861274412
0.502486178501399 81.5032990818714
0.604480748711727 116.002643767378
0.691508938448757 165.612406920133
0.764891731226345 240.347601701279
0.826410999246297 360.688910022624
0.876899435168192 568.799197078781
0.918587868845034 984.852385875504
0.951675667412219 1983.79164423851
150
0.6436951755 60.9708985045
0.6993458323 79.4875905967
0.7484187678 103.9795975733
0.7925014295 137.9497757497
0.8321562878 187.1635720714
0.8674875726 261.7118272737
0.8987674033 382.1561003153
0.9258298556 590.7794032927
0.9493461046 1008.0134300571
0.968966152	 2009.3703464248
100
0.7686033893 68.3433231551
0.8024652376 87.0167833284
0.8327611449 111.6878254666
0.8604114739 145.8767266659
0.8857085673 195.369300966
0.9086491676 270.2831844323
0.9293332719 391.2245901912
0.9475660801 600.5436091085
0.9637174403 1018.8350892128
0.9774652987 2021.9435708173
50
0.8739770606	74.5627656366
0.8914276328	93.5123116642
0.9072209501	118.492864245
0.921813757	153.0440446745
0.9353416865	202.9745032893
0.9477826828	278.4322208352
0.9591678193	400.0761067245
0.9693621242	610.3346867016
0.9785443869	1029.9998246794
0.9865020714	2035.3121329895
0.1
0.9952929777714195 81.72316310258392
0.9957723840731311 101.1309721926795
0.9962250673256324 126.62713840168468
0.9966630158493965 161.78099082214263
0.9970902125293312 212.43612975133067
0.9975061774878083 288.7864802504988
0.9979124168473377 411.57111757028366
0.99830457474483 623.3360266643355
0.998691040657679 1045.1703156379297
0.9990660279082736 2053.8986392841844
